2 18 2 (10 minutes)
Intial total mttf: 1245
1273
1255
1248
1236
1205
----------------------------------------------------------------------------------------

2 20 2 (15 minutes)
Intial total mttf: 1541
1519
1514
1513
1508
1504
----------------------------------------------------------------------------------------

3 14 2 (1 hour)
Intial total mttf: 14564
14573
14548
14419
14395
14280
14186
14177
14175
14170
14144
14119
14112
14105
14042
14030
14029
14020
14012
14004
14003
14000
13998
13987
13966
13960
13958
13945
13943
13933
13929
13927
----------------------------------------------------------------------------------------

3 16 2 (1 hour 15 minutes)
Intial total mttf: 22460
23161
22953
22797
22779
22614
22505
22426
22395
22357
22276
22249
22223
22197
22134
22058
22035
22028
21997
21953
21929
21908
21893
21888
21887
21879
21873
21862
21852
21847
21845
21843
21817
21816
21815
21801
21798
21760
21759
----------------------------------------------------------------------------------------

4 10 2 (1 hour 30 minutes)
Intial total mttf: 34166
36036
35766
35600
35298
34887
34834
34750
34693
34674
34520
34518
34238
34210
34186
34075
33938
33918
33842
33707
33654
----------------------------------------------------------------------------------------

4 12 2 (2 hours)
Intial total mttf: 86126
89766
88818
87668
87571
86623
86518
86385
85362
85054
85000
84749
84724
84694
84680
84209
84202
84134
84101
84026
83904
83716
83701
----------------------------------------------------------------------------------------

5 6 2 (30 minutes)
Intial total mttf: 3405
3344
3294
3164
3142
3095
3085
3071
3063
3042
3015
3006
2994
2988
2982
2976
----------------------------------------------------------------------------------------

5 8 2 (1 hour 30 minutes)
Intial total mttf: 36824
38373
38361
37847
37725
37373
37359
37081
36527
36469
36408
36346
36253
36171
36063
36061
36052
36042
----------------------------------------------------------------------------------------

6 7 2 (1 hour)
Intial total mttf: 15724
15209
15040
14947
14930
14831
14766
14743
14556
14554
14541
14516
14505
14484
14442
14425
14414
14411
14386
14318
----------------------------------------------------------------------------------------

6 8 2 (2 hours)
Intial total mttf: 71820
74705
74228
74112
73593
73536
72955
72894
72472
72234
72210
72163
72120
71850
70984